
CM SYSTEM
	min DCF 		= 0.5066592068030058 (min DCF for countermeasure)
	EER		= 23.080465060 % (EER for countermeasure)
	CLLR		= 1.822484855 bits (CLLR for countermeasure)
	actDCF		= 0.6265252539519419 (actual DCF)
